Cho cam bien on dinh nhiet...
Go 'S' + Enter de bo qua giai doan nay
Con lai: 15 giay...
Con lai: 10 giay...
Con lai: 5 giay...
Con lai: 4 giay...
Con lai: 3 giay...
Con lai: 2 giay...
Con lai: 1 giay...
# Xa mau nhieu (2.5 giay)...
# Lay trung binh P0 (10 giay)...
P0       = 101045.57 Pa
P0 min   = 101044.03 Pa
P0 max   = 101046.53 Pa
P0 spread= 2.50 Pa
# P0 on dinh cuc tot (spread <= 3 Pa) [OK]
Time_ms,StepID,StepName,Pressure_Pa,Temp_C,Alt_Raw_m,Alt_EMA_m
[BAC 0] Moc (Bac 0)
Dat cam bien tai MOC -> Gui bat ky ky tu nao + Enter de bat dau...
>> Bat dau do: Moc (Bac 0)
29899,0,Moc (Bac 0),101044.88,30.50,0.058,0.046
29949,0,Moc (Bac 0),101044.71,30.50,0.074,0.048
29999,0,Moc (Bac 0),101044.53,30.50,0.087,0.051
30049,0,Moc (Bac 0),101044.71,30.50,0.074,0.053
30099,0,Moc (Bac 0),101044.71,30.50,0.074,0.055
30149,0,Moc (Bac 0),101044.71,30.50,0.074,0.056
30199,0,Moc (Bac 0),101044.71,30.50,0.074,0.058
30249,0,Moc (Bac 0),101045.05,30.50,0.045,0.057
30299,0,Moc (Bac 0),101045.39,30.50,0.016,0.053
30349,0,Moc (Bac 0),101045.39,30.50,0.016,0.050
30399,0,Moc (Bac 0),101045.39,30.50,0.016,0.048
30449,0,Moc (Bac 0),101045.39,30.50,0.016,0.045
30499,0,Moc (Bac 0),101045.56,30.50,0.003,0.042
30550,0,Moc (Bac 0),101045.39,30.50,0.016,0.040
30600,0,Moc (Bac 0),101045.56,30.50,0.003,0.037
30650,0,Moc (Bac 0),101045.56,30.50,0.003,0.034
30700,0,Moc (Bac 0),101045.39,30.50,0.016,0.033
30750,0,Moc (Bac 0),101045.56,30.50,0.003,0.030
30800,0,Moc (Bac 0),101045.56,30.50,0.003,0.028
30850,0,Moc (Bac 0),101045.39,30.50,0.016,0.027
30900,0,Moc (Bac 0),101045.05,30.50,0.045,0.028
30950,0,Moc (Bac 0),101045.05,30.50,0.045,0.030
31000,0,Moc (Bac 0),101044.88,30.50,0.058,0.032
31050,0,Moc (Bac 0),101044.71,30.50,0.074,0.035
31100,0,Moc (Bac 0),101044.71,30.50,0.074,0.038
31150,0,Moc (Bac 0),101044.71,30.50,0.074,0.041
31200,0,Moc (Bac 0),101044.71,30.50,0.074,0.044
31250,0,Moc (Bac 0),101044.88,30.50,0.058,0.045
31300,0,Moc (Bac 0),101045.05,30.50,0.045,0.045
31350,0,Moc (Bac 0),101045.22,30.50,0.032,0.044
31400,0,Moc (Bac 0),101045.22,30.50,0.032,0.043
31450,0,Moc (Bac 0),101045.22,30.50,0.032,0.042
31500,0,Moc (Bac 0),101045.22,30.50,0.032,0.041
31550,0,Moc (Bac 0),101045.05,30.50,0.045,0.042
31600,0,Moc (Bac 0),101045.22,30.50,0.032,0.041
31650,0,Moc (Bac 0),101045.22,30.50,0.032,0.040
31700,0,Moc (Bac 0),101045.39,30.50,0.016,0.038
31750,0,Moc (Bac 0),101045.56,30.50,0.003,0.035
31800,0,Moc (Bac 0),101045.56,30.50,0.003,0.033
31850,0,Moc (Bac 0),101045.56,30.50,0.003,0.030
31900,0,Moc (Bac 0),101045.72,30.50,-0.016,0.027
31950,0,Moc (Bac 0),101045.89,30.50,-0.032,0.022
32000,0,Moc (Bac 0),101045.89,30.50,-0.032,0.018
32050,0,Moc (Bac 0),101045.89,30.50,-0.032,0.014
32100,0,Moc (Bac 0),101045.89,30.50,-0.032,0.010
32150,0,Moc (Bac 0),101046.07,30.50,-0.042,0.006
32200,0,Moc (Bac 0),101045.89,30.50,-0.032,0.003
32250,0,Moc (Bac 0),101045.89,30.50,-0.032,0.000
32300,0,Moc (Bac 0),101045.89,30.50,-0.032,-0.002
32350,0,Moc (Bac 0),101046.07,30.50,-0.042,-0.006
32400,0,Moc (Bac 0),101046.07,30.50,-0.042,-0.009
32450,0,Moc (Bac 0),101045.66,30.49,-0.011,-0.009
32500,0,Moc (Bac 0),101045.66,30.50,-0.011,-0.009
32550,0,Moc (Bac 0),101046.07,30.50,-0.042,-0.012
32600,0,Moc (Bac 0),101045.83,30.49,-0.021,-0.012
32650,0,Moc (Bac 0),101046.24,30.50,-0.058,-0.016
32700,0,Moc (Bac 0),101046.24,30.50,-0.058,-0.019
32750,0,Moc (Bac 0),101046.24,30.50,-0.058,-0.022
32800,0,Moc (Bac 0),101046.07,30.50,-0.042,-0.024
32850,0,Moc (Bac 0),101045.83,30.49,-0.021,-0.024
32900,0,Moc (Bac 0),101045.66,30.49,-0.011,-0.023
32950,0,Moc (Bac 0),101045.66,30.49,-0.011,-0.022
33000,0,Moc (Bac 0),101045.66,30.49,-0.011,-0.021
33050,0,Moc (Bac 0),101046.07,30.50,-0.042,-0.023
33100,0,Moc (Bac 0),101045.66,30.49,-0.011,-0.022
33150,0,Moc (Bac 0),101045.50,30.49,0.008,-0.019
33200,0,Moc (Bac 0),101045.50,30.49,0.008,-0.017
33250,0,Moc (Bac 0),101045.33,30.49,0.021,-0.014
33300,0,Moc (Bac 0),101045.33,30.49,0.021,-0.011
33350,0,Moc (Bac 0),101045.33,30.49,0.021,-0.009
33400,0,Moc (Bac 0),101045.50,30.49,0.008,-0.007
33451,0,Moc (Bac 0),101045.33,30.49,0.021,-0.005
33501,0,Moc (Bac 0),101045.16,30.49,0.037,-0.002
33551,0,Moc (Bac 0),101045.16,30.49,0.037,0.001
33601,0,Moc (Bac 0),101045.16,30.49,0.037,0.004
33651,0,Moc (Bac 0),101045.16,30.49,0.037,0.007
33701,0,Moc (Bac 0),101045.16,30.49,0.037,0.009
33751,0,Moc (Bac 0),101044.99,30.49,0.050,0.013
33801,0,Moc (Bac 0),101045.16,30.49,0.037,0.015
33851,0,Moc (Bac 0),101045.16,30.49,0.037,0.016
33901,0,Moc (Bac 0),101045.16,30.49,0.037,0.018
33951,0,Moc (Bac 0),101045.16,30.49,0.037,0.019
34001,0,Moc (Bac 0),101045.16,30.49,0.037,0.021
34051,0,Moc (Bac 0),101045.33,30.49,0.021,0.021
34101,0,Moc (Bac 0),101045.33,30.49,0.021,0.021
34151,0,Moc (Bac 0),101045.33,30.49,0.021,0.021
34201,0,Moc (Bac 0),101045.33,30.49,0.021,0.021
34251,0,Moc (Bac 0),101045.50,30.49,0.008,0.020
34301,0,Moc (Bac 0),101045.50,30.49,0.008,0.019
34351,0,Moc (Bac 0),101045.50,30.49,0.008,0.018
34401,0,Moc (Bac 0),101045.50,30.49,0.008,0.017
34451,0,Moc (Bac 0),101045.50,30.49,0.008,0.017
34501,0,Moc (Bac 0),101045.89,30.50,-0.032,0.013
34551,0,Moc (Bac 0),101046.07,30.50,-0.042,0.008
34601,0,Moc (Bac 0),101046.07,30.50,-0.042,0.004
34651,0,Moc (Bac 0),101045.50,30.49,0.008,0.005
34701,0,Moc (Bac 0),101045.50,30.49,0.008,0.005
34751,0,Moc (Bac 0),101045.33,30.49,0.021,0.006
34801,0,Moc (Bac 0),101045.33,30.49,0.021,0.007
34851,0,Moc (Bac 0),101045.33,30.49,0.021,0.008
34902,0,Moc (Bac 0),101045.33,30.49,0.021,0.009
34952,0,Moc (Bac 0),101045.33,30.49,0.021,0.010
35002,0,Moc (Bac 0),101045.16,30.49,0.037,0.012
35052,0,Moc (Bac 0),101045.16,30.49,0.037,0.014
35102,0,Moc (Bac 0),101045.16,30.49,0.037,0.016
35152,0,Moc (Bac 0),101044.99,30.49,0.050,0.019
35202,0,Moc (Bac 0),101044.99,30.49,0.050,0.021
35252,0,Moc (Bac 0),101044.82,30.49,0.063,0.025
35302,0,Moc (Bac 0),101044.82,30.49,0.063,0.028
35352,0,Moc (Bac 0),101044.64,30.49,0.079,0.032
35402,0,Moc (Bac 0),101044.64,30.49,0.079,0.036
35452,0,Moc (Bac 0),101044.64,30.49,0.079,0.039
35502,0,Moc (Bac 0),101044.47,30.49,0.092,0.044
35552,0,Moc (Bac 0),101044.88,30.50,0.058,0.045
35602,0,Moc (Bac 0),101044.88,30.50,0.058,0.046
35652,0,Moc (Bac 0),101044.88,30.50,0.058,0.047
35702,0,Moc (Bac 0),101044.88,30.50,0.058,0.048
35752,0,Moc (Bac 0),101044.88,30.50,0.058,0.049
35802,0,Moc (Bac 0),101044.88,30.50,0.058,0.049
35852,0,Moc (Bac 0),101045.05,30.50,0.045,0.049
35902,0,Moc (Bac 0),101045.05,30.50,0.045,0.049
35952,0,Moc (Bac 0),101045.22,30.50,0.032,0.047
36002,0,Moc (Bac 0),101045.22,30.50,0.032,0.046
36052,0,Moc (Bac 0),101045.39,30.50,0.016,0.044
36102,0,Moc (Bac 0),101045.56,30.50,0.003,0.040
36152,0,Moc (Bac 0),101045.56,30.50,0.003,0.037
36202,0,Moc (Bac 0),101045.39,30.50,0.016,0.036
36252,0,Moc (Bac 0),101045.56,30.50,0.003,0.033
36302,0,Moc (Bac 0),101045.72,30.50,-0.016,0.029
36352,0,Moc (Bac 0),101045.50,30.49,0.008,0.027
36402,0,Moc (Bac 0),101045.50,30.49,0.008,0.026
36452,0,Moc (Bac 0),101045.50,30.49,0.008,0.024
36502,0,Moc (Bac 0),101045.50,30.49,0.008,0.023
36552,0,Moc (Bac 0),101045.50,30.49,0.008,0.022
36602,0,Moc (Bac 0),101045.50,30.49,0.008,0.021
36652,0,Moc (Bac 0),101045.50,30.49,0.008,0.020
36702,0,Moc (Bac 0),101045.33,30.49,0.021,0.020
36752,0,Moc (Bac 0),101045.16,30.49,0.037,0.021
36802,0,Moc (Bac 0),101045.16,30.49,0.037,0.022
36852,0,Moc (Bac 0),101045.16,30.49,0.037,0.024
36902,0,Moc (Bac 0),101045.16,30.49,0.037,0.025
36952,0,Moc (Bac 0),101045.16,30.49,0.037,0.026
37002,0,Moc (Bac 0),101044.99,30.49,0.050,0.028
37052,0,Moc (Bac 0),101044.82,30.49,0.063,0.031
37102,0,Moc (Bac 0),101044.99,30.49,0.050,0.032
37152,0,Moc (Bac 0),101044.99,30.49,0.050,0.034
37202,0,Moc (Bac 0),101044.82,30.49,0.063,0.036
37252,0,Moc (Bac 0),101044.82,30.49,0.063,0.038
37302,0,Moc (Bac 0),101044.64,30.49,0.079,0.041
37352,0,Moc (Bac 0),101044.82,30.49,0.063,0.043
37402,0,Moc (Bac 0),101044.82,30.49,0.063,0.045
37452,0,Moc (Bac 0),101044.64,30.49,0.079,0.048
37502,0,Moc (Bac 0),101044.64,30.49,0.079,0.050
37552,0,Moc (Bac 0),101044.64,30.49,0.079,0.052
37602,0,Moc (Bac 0),101044.64,30.49,0.079,0.055
37652,0,Moc (Bac 0),101044.64,30.49,0.079,0.057
37702,0,Moc (Bac 0),101044.47,30.49,0.092,0.059
37752,0,Moc (Bac 0),101044.47,30.49,0.092,0.062
37803,0,Moc (Bac 0),101044.64,30.49,0.079,0.063
37853,0,Moc (Bac 0),101044.64,30.49,0.079,0.065
37903,0,Moc (Bac 0),101044.64,30.49,0.079,0.066
37953,0,Moc (Bac 0),101044.82,30.49,0.063,0.066
38003,0,Moc (Bac 0),101044.82,30.49,0.063,0.065
38053,0,Moc (Bac 0),101044.82,30.49,0.063,0.065
38103,0,Moc (Bac 0),101044.45,30.49,0.095,0.068
38153,0,Moc (Bac 0),101044.61,30.49,0.082,0.069
38203,0,Moc (Bac 0),101044.78,30.49,0.066,0.069
38253,0,Moc (Bac 0),101044.61,30.49,0.082,0.070
38303,0,Moc (Bac 0),101044.78,30.49,0.066,0.069
38353,0,Moc (Bac 0),101044.96,30.49,0.053,0.068
38403,0,Moc (Bac 0),101044.96,30.49,0.053,0.067
38453,0,Moc (Bac 0),101044.96,30.49,0.053,0.066
38503,0,Moc (Bac 0),101045.13,30.49,0.040,0.064
38553,0,Moc (Bac 0),101045.13,30.49,0.040,0.062
38603,0,Moc (Bac 0),101045.13,30.49,0.040,0.060
38653,0,Moc (Bac 0),101045.29,30.49,0.024,0.057
38703,0,Moc (Bac 0),101045.29,30.49,0.024,0.054
38753,0,Moc (Bac 0),101045.29,30.49,0.024,0.052
38803,0,Moc (Bac 0),101045.29,30.49,0.024,0.050
38853,0,Moc (Bac 0),101045.13,30.49,0.040,0.049
38903,0,Moc (Bac 0),101045.13,30.49,0.040,0.048
38953,0,Moc (Bac 0),101045.13,30.49,0.040,0.047
39003,0,Moc (Bac 0),101045.13,30.49,0.040,0.047
39053,0,Moc (Bac 0),101045.13,30.49,0.040,0.046
39103,0,Moc (Bac 0),101044.96,30.49,0.053,0.047
39153,0,Moc (Bac 0),101044.96,30.49,0.053,0.047
39203,0,Moc (Bac 0),101044.96,30.49,0.053,0.048
39254,0,Moc (Bac 0),101044.96,30.49,0.053,0.048
39304,0,Moc (Bac 0),101044.96,30.49,0.053,0.049
39354,0,Moc (Bac 0),101045.13,30.49,0.040,0.048
39404,0,Moc (Bac 0),101044.96,30.49,0.053,0.048
39454,0,Moc (Bac 0),101045.13,30.49,0.040,0.048
39504,0,Moc (Bac 0),101044.96,30.49,0.053,0.048
39554,0,Moc (Bac 0),101044.96,30.49,0.053,0.048
39604,0,Moc (Bac 0),101044.96,30.49,0.053,0.049
39654,0,Moc (Bac 0),101044.96,30.49,0.053,0.049
39704,0,Moc (Bac 0),101044.96,30.49,0.053,0.049
39754,0,Moc (Bac 0),101045.13,30.49,0.040,0.049
39804,0,Moc (Bac 0),101045.13,30.49,0.040,0.048
39854,0,Moc (Bac 0),101045.50,30.49,0.008,0.045
>> Xong: Moc (Bac 0) | P0=101045.57 Pa
HAY DI CHUYEN DEN: Bac 1
Dat co dinh, cho 3 giay cho on dinh, roi gui ky tu bat ky + Enter...
>> Bat dau do: Bac 1
45493,1,Bac 1,101043.03,30.49,0.214,0.214
45543,1,Bac 1,101043.03,30.49,0.214,0.214
45593,1,Bac 1,101043.20,30.49,0.198,0.213
45643,1,Bac 1,101042.80,30.49,0.233,0.214
45693,1,Bac 1,101042.63,30.49,0.248,0.217
45743,1,Bac 1,101042.63,30.49,0.248,0.220
45793,1,Bac 1,101043.03,30.49,0.214,0.219
45843,1,Bac 1,101043.03,30.49,0.214,0.219
45893,1,Bac 1,101043.20,30.49,0.198,0.217
45943,1,Bac 1,101043.20,30.49,0.198,0.216
45993,1,Bac 1,101043.20,30.49,0.198,0.214
46043,1,Bac 1,101042.97,30.49,0.219,0.215
46093,1,Bac 1,101043.36,30.49,0.185,0.212
46143,1,Bac 1,101043.36,30.49,0.185,0.210
46193,1,Bac 1,101043.53,30.49,0.172,0.207
46243,1,Bac 1,101043.71,30.49,0.156,0.203
46294,1,Bac 1,101043.71,30.49,0.156,0.199
46344,1,Bac 1,101043.71,30.49,0.156,0.196
46394,1,Bac 1,101043.71,30.49,0.156,0.192
46444,1,Bac 1,101043.88,30.49,0.143,0.188
46494,1,Bac 1,101044.05,30.49,0.129,0.184
46544,1,Bac 1,101044.21,30.49,0.116,0.178
46594,1,Bac 1,101044.21,30.49,0.116,0.173
46644,1,Bac 1,101044.21,30.49,0.116,0.169
46694,1,Bac 1,101044.38,30.49,0.100,0.163
46744,1,Bac 1,101044.38,30.49,0.100,0.158
46794,1,Bac 1,101044.56,30.49,0.087,0.153
46844,1,Bac 1,101044.56,30.49,0.087,0.147
46894,1,Bac 1,101044.56,30.49,0.087,0.143
46944,1,Bac 1,101044.38,30.49,0.100,0.139
46994,1,Bac 1,101044.21,30.49,0.116,0.137
47044,1,Bac 1,101044.21,30.49,0.116,0.136
47094,1,Bac 1,101043.82,30.49,0.148,0.137
47144,1,Bac 1,101043.82,30.49,0.148,0.138
47194,1,Bac 1,101044.05,30.49,0.129,0.137
47244,1,Bac 1,101043.82,30.49,0.148,0.138
47294,1,Bac 1,101044.21,30.49,0.116,0.136
47344,1,Bac 1,101044.21,30.49,0.116,0.134
47394,1,Bac 1,101044.21,30.49,0.116,0.133
47444,1,Bac 1,101044.38,30.49,0.100,0.130
47494,1,Bac 1,101044.56,30.49,0.087,0.127
47544,1,Bac 1,101044.56,30.49,0.087,0.124
47594,1,Bac 1,101044.56,30.49,0.087,0.121
47644,1,Bac 1,101044.56,30.49,0.087,0.118
47694,1,Bac 1,101044.56,30.49,0.087,0.116
47744,1,Bac 1,101044.56,30.49,0.087,0.113
47794,1,Bac 1,101044.56,30.49,0.087,0.111
47844,1,Bac 1,101044.56,30.49,0.087,0.109
47894,1,Bac 1,101044.72,30.49,0.071,0.106
47944,1,Bac 1,101044.89,30.49,0.058,0.102
47994,1,Bac 1,101044.89,30.49,0.058,0.099
48044,1,Bac 1,101045.07,30.49,0.042,0.094
48094,1,Bac 1,101045.24,30.49,0.029,0.089
48144,1,Bac 1,101045.24,30.49,0.029,0.084
48194,1,Bac 1,101045.24,30.49,0.029,0.080
48244,1,Bac 1,101044.83,30.49,0.063,0.079
48294,1,Bac 1,101044.83,30.49,0.063,0.077
48344,1,Bac 1,101044.83,30.49,0.063,0.076
48394,1,Bac 1,101045.24,30.49,0.029,0.073
48444,1,Bac 1,101045.07,30.49,0.042,0.070
48494,1,Bac 1,101044.66,30.49,0.077,0.071
48544,1,Bac 1,101044.66,30.49,0.077,0.071
48594,1,Bac 1,101045.07,30.49,0.042,0.069
48644,1,Bac 1,101045.07,30.49,0.042,0.067
48694,1,Bac 1,101045.24,30.49,0.029,0.064
48744,1,Bac 1,101045.07,30.49,0.042,0.062
48794,1,Bac 1,101045.07,30.49,0.042,0.060
48844,1,Bac 1,101045.07,30.49,0.042,0.059
48894,1,Bac 1,101045.07,30.49,0.042,0.058
48944,1,Bac 1,101044.89,30.49,0.058,0.058
48994,1,Bac 1,101044.89,30.49,0.058,0.058
49044,1,Bac 1,101044.89,30.49,0.058,0.058
49094,1,Bac 1,101044.89,30.49,0.058,0.058
49144,1,Bac 1,101044.89,30.49,0.058,0.058
49195,1,Bac 1,101045.07,30.49,0.042,0.057
49245,1,Bac 1,101044.66,30.49,0.077,0.058
49295,1,Bac 1,101044.66,30.49,0.077,0.060
49345,1,Bac 1,101044.66,30.49,0.077,0.061
49395,1,Bac 1,101044.66,30.49,0.077,0.062
49445,1,Bac 1,101044.49,30.49,0.092,0.065
49495,1,Bac 1,101044.49,30.49,0.092,0.067
49545,1,Bac 1,101044.49,30.49,0.092,0.069
49595,1,Bac 1,101044.32,30.49,0.106,0.072
49645,1,Bac 1,101044.32,30.49,0.106,0.075
49695,1,Bac 1,101044.32,30.49,0.106,0.077
49745,1,Bac 1,101044.15,30.49,0.119,0.080
49795,1,Bac 1,101044.15,30.49,0.119,0.083
49845,1,Bac 1,101044.38,30.49,0.100,0.085
49895,1,Bac 1,101044.38,30.49,0.100,0.086
49945,1,Bac 1,101044.21,30.49,0.116,0.089
49995,1,Bac 1,101044.21,30.49,0.116,0.091
50045,1,Bac 1,101044.21,30.49,0.116,0.093
50095,1,Bac 1,101043.82,30.49,0.148,0.097
50145,1,Bac 1,101043.82,30.49,0.148,0.101
50195,1,Bac 1,101043.82,30.49,0.148,0.105
50245,1,Bac 1,101043.99,30.49,0.135,0.107
50295,1,Bac 1,101043.99,30.49,0.135,0.110
50345,1,Bac 1,101043.99,30.49,0.135,0.112
50395,1,Bac 1,101044.32,30.49,0.106,0.111
50445,1,Bac 1,101044.32,30.49,0.106,0.111
50495,1,Bac 1,101044.15,30.49,0.119,0.111
50545,1,Bac 1,101044.15,30.49,0.119,0.112
50595,1,Bac 1,101044.15,30.49,0.119,0.112
50646,1,Bac 1,101043.99,30.49,0.135,0.114
50696,1,Bac 1,101043.99,30.49,0.135,0.116
50746,1,Bac 1,101043.99,30.49,0.135,0.117
50796,1,Bac 1,101043.99,30.49,0.135,0.119
50846,1,Bac 1,101044.15,30.49,0.119,0.119
50896,1,Bac 1,101044.15,30.49,0.119,0.119
50946,1,Bac 1,101044.32,30.48,0.106,0.118
50996,1,Bac 1,101043.75,30.48,0.153,0.121
51046,1,Bac 1,101043.92,30.48,0.140,0.122
51096,1,Bac 1,101044.10,30.48,0.124,0.122
51146,1,Bac 1,101044.10,30.48,0.124,0.122
51196,1,Bac 1,101044.10,30.48,0.124,0.123
51246,1,Bac 1,101044.10,30.48,0.124,0.123
51296,1,Bac 1,101044.26,30.48,0.111,0.122
51346,1,Bac 1,101044.26,30.48,0.111,0.121
51396,1,Bac 1,101044.26,30.48,0.111,0.120
51446,1,Bac 1,101044.26,30.48,0.111,0.119
51496,1,Bac 1,101044.10,30.48,0.124,0.120
51546,1,Bac 1,101044.10,30.48,0.124,0.120
51596,1,Bac 1,101044.10,30.48,0.124,0.120
51646,1,Bac 1,101043.92,30.48,0.140,0.122
51696,1,Bac 1,101043.92,30.48,0.140,0.123
51746,1,Bac 1,101043.75,30.48,0.153,0.126
51796,1,Bac 1,101043.75,30.48,0.153,0.128
51846,1,Bac 1,101043.75,30.48,0.153,0.130
51896,1,Bac 1,101043.58,30.48,0.166,0.133
51946,1,Bac 1,101043.75,30.48,0.153,0.135
51996,1,Bac 1,101043.75,30.48,0.153,0.136
52046,1,Bac 1,101043.58,30.48,0.166,0.139
52096,1,Bac 1,101043.75,30.48,0.153,0.140
52146,1,Bac 1,101043.75,30.48,0.153,0.141
52196,1,Bac 1,101043.75,30.48,0.153,0.142
52246,1,Bac 1,101043.75,30.48,0.153,0.143
52296,1,Bac 1,101043.75,30.48,0.153,0.144
52346,1,Bac 1,101043.75,30.48,0.153,0.144
52396,1,Bac 1,101043.75,30.48,0.153,0.145
52446,1,Bac 1,101043.75,30.48,0.153,0.146
52496,1,Bac 1,101043.92,30.48,0.140,0.145
52546,1,Bac 1,101043.92,30.48,0.140,0.145
52596,1,Bac 1,101043.92,30.48,0.140,0.144
52646,1,Bac 1,101043.92,30.48,0.140,0.144
52696,1,Bac 1,101043.92,30.48,0.140,0.144
52746,1,Bac 1,101043.92,30.48,0.140,0.143
52796,1,Bac 1,101044.10,30.48,0.124,0.142
52846,1,Bac 1,101043.92,30.48,0.140,0.142
52896,1,Bac 1,101043.92,30.48,0.140,0.142
52946,1,Bac 1,101043.92,30.48,0.140,0.142
52996,1,Bac 1,101043.58,30.48,0.166,0.144
53046,1,Bac 1,101043.42,30.48,0.182,0.147
53096,1,Bac 1,101043.42,30.48,0.182,0.149
53146,1,Bac 1,101043.42,30.48,0.182,0.152
53196,1,Bac 1,101043.42,30.48,0.182,0.155
53246,1,Bac 1,101043.58,30.48,0.166,0.155
53296,1,Bac 1,101043.75,30.48,0.153,0.155
53346,1,Bac 1,101043.92,30.48,0.140,0.154
53396,1,Bac 1,101043.92,30.48,0.140,0.153
53446,1,Bac 1,101043.92,30.48,0.140,0.152
53496,1,Bac 1,101043.92,30.48,0.140,0.151
53547,1,Bac 1,101044.10,30.48,0.124,0.149
53597,1,Bac 1,101043.92,30.48,0.140,0.148
53647,1,Bac 1,101044.10,30.48,0.124,0.146
53697,1,Bac 1,101043.92,30.48,0.140,0.146
53747,1,Bac 1,101043.75,30.48,0.153,0.146
53797,1,Bac 1,101043.18,30.48,0.201,0.151
53847,1,Bac 1,101043.18,30.48,0.201,0.155
53897,1,Bac 1,101043.42,30.48,0.182,0.157
53947,1,Bac 1,101043.42,30.48,0.182,0.159
53997,1,Bac 1,101043.25,30.48,0.196,0.162
54047,1,Bac 1,101043.25,30.48,0.196,0.165
54097,1,Bac 1,101043.25,30.48,0.196,0.167
54147,1,Bac 1,101043.25,30.48,0.196,0.169
54197,1,Bac 1,101043.25,30.48,0.196,0.171
54247,1,Bac 1,101043.25,30.48,0.196,0.173
54297,1,Bac 1,101043.42,30.48,0.182,0.174
54347,1,Bac 1,101043.42,30.48,0.182,0.175
54397,1,Bac 1,101043.42,30.48,0.182,0.175
54447,1,Bac 1,101043.42,30.48,0.182,0.176
54497,1,Bac 1,101043.42,30.48,0.182,0.176
54547,1,Bac 1,101043.42,30.48,0.182,0.177
54597,1,Bac 1,101043.25,30.48,0.196,0.178
54647,1,Bac 1,101043.08,30.48,0.209,0.181
54697,1,Bac 1,101042.90,30.48,0.225,0.184
54747,1,Bac 1,101043.08,30.48,0.209,0.186
54797,1,Bac 1,101043.25,30.48,0.196,0.187
54847,1,Bac 1,101043.42,30.48,0.182,0.187
54897,1,Bac 1,101043.58,30.48,0.166,0.185
54947,1,Bac 1,101043.58,30.48,0.166,0.184
54998,1,Bac 1,101043.92,30.48,0.140,0.180
55048,1,Bac 1,101043.52,30.48,0.172,0.179
55098,1,Bac 1,101043.69,30.48,0.159,0.178
55148,1,Bac 1,101043.86,30.48,0.145,0.175
55198,1,Bac 1,101043.86,30.48,0.145,0.173
55248,1,Bac 1,101044.03,30.48,0.129,0.169
55298,1,Bac 1,101044.03,30.48,0.129,0.166
55348,1,Bac 1,101044.21,30.48,0.116,0.162
55398,1,Bac 1,101044.37,30.48,0.103,0.157
55448,1,Bac 1,101044.21,30.48,0.116,0.154
>> Xong: Bac 1 | P0=101045.57 Pa
HAY DI CHUYEN DEN: Bac 2
Dat co dinh, cho 3 giay cho on dinh, roi gui ky tu bat ky + Enter...
>> Bat dau do: Bac 2
61550,2,Bac 2,101040.85,30.48,0.396,0.396
61600,2,Bac 2,101040.69,30.48,0.410,0.397
61650,2,Bac 2,101040.69,30.48,0.410,0.398
61700,2,Bac 2,101040.69,30.48,0.410,0.399
61750,2,Bac 2,101040.69,30.48,0.410,0.400
61800,2,Bac 2,101040.52,30.48,0.423,0.402
61850,2,Bac 2,101040.69,30.48,0.410,0.403
61900,2,Bac 2,101040.69,30.48,0.410,0.403
61950,2,Bac 2,101040.52,30.48,0.423,0.405
62000,2,Bac 2,101040.35,30.48,0.439,0.407
62050,2,Bac 2,101040.35,30.48,0.439,0.410
62100,2,Bac 2,101040.52,30.48,0.423,0.411
62150,2,Bac 2,101040.69,30.48,0.410,0.411
62200,2,Bac 2,101040.69,30.48,0.410,0.411
62251,2,Bac 2,101040.69,30.48,0.410,0.411
62301,2,Bac 2,101040.52,30.48,0.423,0.412
62351,2,Bac 2,101040.52,30.48,0.423,0.412
62401,2,Bac 2,101040.52,30.48,0.423,0.413
62451,2,Bac 2,101040.92,30.48,0.391,0.412
62501,2,Bac 2,101041.08,30.48,0.375,0.409
62551,2,Bac 2,101041.08,30.48,0.375,0.406
62601,2,Bac 2,101041.08,30.48,0.375,0.403
62651,2,Bac 2,101041.08,30.48,0.375,0.401
62701,2,Bac 2,101041.08,30.48,0.375,0.399
62751,2,Bac 2,101041.08,30.48,0.375,0.397
62801,2,Bac 2,101041.08,30.48,0.375,0.395
62851,2,Bac 2,101040.92,30.48,0.391,0.395
62901,2,Bac 2,101040.92,30.48,0.391,0.395
62951,2,Bac 2,101041.08,30.48,0.375,0.393
63001,2,Bac 2,101041.08,30.48,0.375,0.392
63051,2,Bac 2,101041.08,30.48,0.375,0.390
63101,2,Bac 2,101040.85,30.48,0.396,0.391
63151,2,Bac 2,101041.03,30.48,0.380,0.390
63201,2,Bac 2,101040.85,30.48,0.396,0.391
63251,2,Bac 2,101041.42,30.48,0.349,0.387
63301,2,Bac 2,101040.85,30.48,0.396,0.388
63351,2,Bac 2,101041.25,30.48,0.362,0.386
63401,2,Bac 2,101041.08,30.48,0.375,0.385
63451,2,Bac 2,101041.08,30.48,0.375,0.384
63501,2,Bac 2,101041.08,30.48,0.375,0.384
63551,2,Bac 2,101041.08,30.48,0.375,0.383
63601,2,Bac 2,101041.08,30.48,0.375,0.382
63651,2,Bac 2,101041.25,30.48,0.362,0.381
63702,2,Bac 2,101041.42,30.48,0.349,0.378
63752,2,Bac 2,101041.42,30.48,0.349,0.376
63802,2,Bac 2,101041.60,30.48,0.333,0.372
63852,2,Bac 2,101041.60,30.48,0.333,0.369
63902,2,Bac 2,101041.60,30.48,0.333,0.366
63952,2,Bac 2,101041.60,30.48,0.333,0.364
64002,2,Bac 2,101041.77,30.48,0.320,0.360
64052,2,Bac 2,101041.77,30.48,0.320,0.357
64102,2,Bac 2,101041.77,30.48,0.320,0.354
64152,2,Bac 2,101041.77,30.48,0.320,0.351
64202,2,Bac 2,101041.77,30.48,0.320,0.349
64252,2,Bac 2,101041.60,30.48,0.333,0.347
64302,2,Bac 2,101041.25,30.48,0.362,0.349
64352,2,Bac 2,101041.08,30.48,0.375,0.351
64402,2,Bac 2,101041.08,30.48,0.375,0.353
64452,2,Bac 2,101041.08,30.48,0.375,0.354
64502,2,Bac 2,101040.92,30.48,0.391,0.357
64552,2,Bac 2,101040.75,30.48,0.404,0.361
64602,2,Bac 2,101040.58,30.48,0.417,0.366
64652,2,Bac 2,101040.41,30.48,0.433,0.371
64702,2,Bac 2,101040.41,30.48,0.433,0.376
64752,2,Bac 2,101040.41,30.48,0.433,0.381
64802,2,Bac 2,101040.41,30.48,0.433,0.385
64852,2,Bac 2,101040.58,30.48,0.417,0.387
64902,2,Bac 2,101040.58,30.48,0.417,0.390
64952,2,Bac 2,101040.75,30.48,0.404,0.391
65002,2,Bac 2,101040.75,30.48,0.404,0.392
65052,2,Bac 2,101040.58,30.48,0.417,0.394
65102,2,Bac 2,101040.75,30.48,0.404,0.395
65152,2,Bac 2,101040.75,30.48,0.404,0.396
65202,2,Bac 2,101040.92,30.48,0.391,0.395
65252,2,Bac 2,101040.92,30.48,0.391,0.395
65302,2,Bac 2,101041.08,30.48,0.375,0.393
65352,2,Bac 2,101040.69,30.48,0.410,0.395
65402,2,Bac 2,101040.85,30.48,0.396,0.395
65452,2,Bac 2,101040.69,30.48,0.410,0.396
65502,2,Bac 2,101040.85,30.48,0.396,0.396
65552,2,Bac 2,101040.85,30.48,0.396,0.396
65602,2,Bac 2,101040.85,30.48,0.396,0.396
65652,2,Bac 2,101040.85,30.48,0.396,0.396
65702,2,Bac 2,101040.85,30.48,0.396,0.396
65752,2,Bac 2,101040.85,30.48,0.396,0.396
65802,2,Bac 2,101041.03,30.48,0.380,0.395
65852,2,Bac 2,101041.36,30.48,0.354,0.392
65902,2,Bac 2,101041.36,30.48,0.354,0.389
65952,2,Bac 2,101041.77,30.48,0.320,0.383
66002,2,Bac 2,101041.77,30.48,0.320,0.378
66052,2,Bac 2,101041.77,30.48,0.320,0.373
66102,2,Bac 2,101041.77,30.48,0.320,0.369
66152,2,Bac 2,101041.60,30.48,0.333,0.366
66202,2,Bac 2,101041.60,30.48,0.333,0.364
66252,2,Bac 2,101041.60,30.48,0.333,0.361
66302,2,Bac 2,101041.60,30.48,0.333,0.359
66352,2,Bac 2,101041.60,30.48,0.333,0.357
66402,2,Bac 2,101041.77,30.48,0.320,0.354
66452,2,Bac 2,101041.77,30.48,0.320,0.351
66502,2,Bac 2,101041.60,30.48,0.333,0.350
66552,2,Bac 2,101041.42,30.48,0.349,0.350
66603,2,Bac 2,101041.42,30.48,0.349,0.349
66653,2,Bac 2,101041.42,30.48,0.349,0.349
66703,2,Bac 2,101041.25,30.48,0.362,0.350
66753,2,Bac 2,101041.25,30.48,0.362,0.351
66803,2,Bac 2,101041.25,30.48,0.362,0.352
66853,2,Bac 2,101041.08,30.48,0.375,0.354
66903,2,Bac 2,101041.08,30.48,0.375,0.356
66953,2,Bac 2,101040.92,30.48,0.391,0.359
67003,2,Bac 2,101040.92,30.48,0.391,0.361
67053,2,Bac 2,101040.92,30.48,0.391,0.364
67103,2,Bac 2,101040.58,30.48,0.417,0.368
67153,2,Bac 2,101040.58,30.48,0.417,0.372
67203,2,Bac 2,101040.58,30.48,0.417,0.375
67253,2,Bac 2,101040.58,30.48,0.417,0.379
67303,2,Bac 2,101040.00,30.48,0.468,0.386
67353,2,Bac 2,101040.24,30.48,0.447,0.391
67403,2,Bac 2,101040.24,30.48,0.447,0.395
67453,2,Bac 2,101040.24,30.48,0.447,0.399
67503,2,Bac 2,101040.24,30.48,0.447,0.403
67553,2,Bac 2,101040.24,30.48,0.447,0.407
67603,2,Bac 2,101040.41,30.48,0.433,0.409
67653,2,Bac 2,101040.58,30.48,0.417,0.409
67703,2,Bac 2,101040.58,30.48,0.417,0.410
67753,2,Bac 2,101040.58,30.48,0.417,0.411
67803,2,Bac 2,101040.58,30.48,0.417,0.411
67853,2,Bac 2,101040.58,30.48,0.417,0.412
67903,2,Bac 2,101040.58,30.48,0.417,0.412
67953,2,Bac 2,101040.58,30.48,0.417,0.413
68003,2,Bac 2,101040.41,30.48,0.433,0.414
68054,2,Bac 2,101040.41,30.48,0.433,0.416
68104,2,Bac 2,101040.24,30.48,0.447,0.418
68154,2,Bac 2,101040.00,30.48,0.468,0.422
68204,2,Bac 2,101040.35,30.48,0.439,0.424
68254,2,Bac 2,101040.35,30.48,0.439,0.425
68304,2,Bac 2,101040.52,30.48,0.423,0.425
68354,2,Bac 2,101040.69,30.48,0.410,0.423
68404,2,Bac 2,101040.52,30.48,0.423,0.423
68454,2,Bac 2,101040.52,30.48,0.423,0.423
68504,2,Bac 2,101040.17,30.48,0.452,0.426
68554,2,Bac 2,101040.00,30.48,0.468,0.429
68604,2,Bac 2,101039.84,30.48,0.481,0.433
68654,2,Bac 2,101039.84,30.48,0.481,0.437
68704,2,Bac 2,101039.84,30.48,0.481,0.440
68754,2,Bac 2,101039.84,30.48,0.481,0.444
68804,2,Bac 2,101039.84,30.48,0.481,0.447
68854,2,Bac 2,101040.00,30.48,0.468,0.448
68904,2,Bac 2,101040.00,30.48,0.468,0.450
68954,2,Bac 2,101040.17,30.48,0.452,0.450
69004,2,Bac 2,101040.17,30.48,0.452,0.450
69054,2,Bac 2,101040.35,30.48,0.439,0.449
69104,2,Bac 2,101040.35,30.48,0.439,0.448
69154,2,Bac 2,101040.35,30.48,0.439,0.448
69204,2,Bac 2,101039.97,30.47,0.468,0.449
69254,2,Bac 2,101040.35,30.48,0.439,0.448
69304,2,Bac 2,101040.17,30.48,0.452,0.449
69354,2,Bac 2,101040.14,30.47,0.454,0.449
69404,2,Bac 2,101040.14,30.47,0.454,0.450
69454,2,Bac 2,101040.14,30.47,0.454,0.450
69504,2,Bac 2,101040.14,30.47,0.454,0.450
69554,2,Bac 2,101040.14,30.47,0.454,0.451
69604,2,Bac 2,101039.97,30.47,0.468,0.452
69654,2,Bac 2,101039.97,30.47,0.468,0.453
69704,2,Bac 2,101039.97,30.47,0.468,0.454
69754,2,Bac 2,101039.97,30.47,0.468,0.455
69804,2,Bac 2,101039.97,30.47,0.468,0.456
69854,2,Bac 2,101039.97,30.47,0.468,0.457
69904,2,Bac 2,101039.97,30.47,0.468,0.458
69954,2,Bac 2,101039.97,30.47,0.468,0.459
70004,2,Bac 2,101039.97,30.47,0.468,0.460
70054,2,Bac 2,101039.97,30.47,0.468,0.460
70104,2,Bac 2,101039.64,30.47,0.497,0.463
70154,2,Bac 2,101039.81,30.47,0.484,0.465
70204,2,Bac 2,101039.24,30.47,0.531,0.470
70254,2,Bac 2,101039.64,30.47,0.497,0.472
70304,2,Bac 2,101039.64,30.47,0.497,0.474
70354,2,Bac 2,101039.64,30.47,0.497,0.476
70404,2,Bac 2,101039.64,30.47,0.497,0.478
70454,2,Bac 2,101039.81,30.47,0.484,0.478
70504,2,Bac 2,101039.64,30.47,0.497,0.480
70554,2,Bac 2,101039.64,30.47,0.497,0.481
70604,2,Bac 2,101039.64,30.47,0.497,0.482
70654,2,Bac 2,101039.81,30.47,0.484,0.482
70704,2,Bac 2,101039.81,30.47,0.484,0.482
70754,2,Bac 2,101039.97,30.47,0.468,0.481
70804,2,Bac 2,101039.97,30.47,0.468,0.480
70854,2,Bac 2,101039.97,30.47,0.468,0.479
70904,2,Bac 2,101039.97,30.47,0.468,0.478
70955,2,Bac 2,101040.14,30.47,0.454,0.476
71005,2,Bac 2,101039.97,30.47,0.468,0.476
71055,2,Bac 2,101039.97,30.47,0.468,0.475
71105,2,Bac 2,101040.32,30.47,0.441,0.472
71155,2,Bac 2,101040.32,30.47,0.441,0.470
71205,2,Bac 2,101040.49,30.47,0.425,0.466
71255,2,Bac 2,101040.49,30.47,0.425,0.463
71305,2,Bac 2,101040.66,30.47,0.412,0.459
71355,2,Bac 2,101040.82,30.47,0.399,0.454
71405,2,Bac 2,101040.82,30.47,0.399,0.450
71455,2,Bac 2,101041.03,30.48,0.380,0.444
71505,2,Bac 2,101040.66,30.47,0.412,0.442
>> Xong: Bac 2 | P0=101045.57 Pa
HAY DI CHUYEN DEN: Bac 3
Dat co dinh, cho 3 giay cho on dinh, roi gui ky tu bat ky + Enter...
>> Bat dau do: Bac 3
79075,3,Bac 3,101039.57,30.46,0.502,0.485
79125,3,Bac 3,101039.22,30.46,0.531,0.489
79175,3,Bac 3,101039.22,30.46,0.531,0.492
79225,3,Bac 3,101039.39,30.46,0.518,0.494
79275,3,Bac 3,101039.22,30.46,0.531,0.497
79325,3,Bac 3,101039.22,30.46,0.531,0.500
79375,3,Bac 3,101039.39,30.46,0.518,0.501
79425,3,Bac 3,101039.39,30.46,0.518,0.503
79475,3,Bac 3,101039.57,30.46,0.502,0.503
79525,3,Bac 3,101039.39,30.46,0.518,0.504
79575,3,Bac 3,101039.39,30.46,0.518,0.505
79625,3,Bac 3,101039.05,30.46,0.547,0.508
79675,3,Bac 3,101039.05,30.46,0.547,0.511
79725,3,Bac 3,101039.05,30.46,0.547,0.514
79775,3,Bac 3,101039.05,30.46,0.547,0.517
79825,3,Bac 3,101039.22,30.46,0.531,0.518
79875,3,Bac 3,101039.05,30.46,0.547,0.520
79925,3,Bac 3,101038.89,30.46,0.560,0.523
79975,3,Bac 3,101038.71,30.46,0.573,0.527
80025,3,Bac 3,101038.89,30.46,0.560,0.530
80075,3,Bac 3,101038.89,30.46,0.560,0.532
80125,3,Bac 3,101038.71,30.46,0.573,0.536
80175,3,Bac 3,101038.89,30.46,0.560,0.538
80225,3,Bac 3,101038.71,30.46,0.573,0.541
80275,3,Bac 3,101038.71,30.46,0.573,0.543
80325,3,Bac 3,101038.55,30.46,0.587,0.547
80375,3,Bac 3,101038.38,30.46,0.602,0.551
80425,3,Bac 3,101038.38,30.46,0.602,0.555
80475,3,Bac 3,101038.38,30.46,0.602,0.559
80525,3,Bac 3,101038.38,30.46,0.602,0.562
80575,3,Bac 3,101038.38,30.46,0.602,0.566
80625,3,Bac 3,101038.38,30.46,0.602,0.569
80675,3,Bac 3,101038.38,30.46,0.602,0.571
80726,3,Bac 3,101038.38,30.46,0.602,0.574
80776,3,Bac 3,101038.21,30.46,0.616,0.577
80826,3,Bac 3,101038.21,30.46,0.616,0.580
80876,3,Bac 3,101038.38,30.46,0.602,0.582
80926,3,Bac 3,101037.97,30.46,0.637,0.586
80976,3,Bac 3,101038.38,30.46,0.602,0.588
81026,3,Bac 3,101038.55,30.46,0.587,0.588
81076,3,Bac 3,101038.71,30.46,0.573,0.586
81126,3,Bac 3,101038.89,30.46,0.560,0.584
81176,3,Bac 3,101038.89,30.46,0.560,0.582
81226,3,Bac 3,101038.89,30.46,0.560,0.581
81276,3,Bac 3,101038.71,30.46,0.573,0.580
81326,3,Bac 3,101038.32,30.46,0.608,0.582
81376,3,Bac 3,101038.89,30.46,0.560,0.581
81426,3,Bac 3,101038.66,30.46,0.579,0.580
81476,3,Bac 3,101038.66,30.46,0.579,0.580
81526,3,Bac 3,101038.82,30.46,0.565,0.579
81576,3,Bac 3,101038.66,30.46,0.579,0.579
81626,3,Bac 3,101038.82,30.46,0.565,0.578
81676,3,Bac 3,101038.99,30.46,0.552,0.576
81726,3,Bac 3,101038.82,30.46,0.565,0.575
81776,3,Bac 3,101038.82,30.46,0.565,0.574
81826,3,Bac 3,101038.66,30.46,0.579,0.575
81876,3,Bac 3,101038.66,30.46,0.579,0.575
81926,3,Bac 3,101038.66,30.46,0.579,0.575
81976,3,Bac 3,101038.66,30.46,0.579,0.576
82026,3,Bac 3,101038.66,30.46,0.579,0.576
82076,3,Bac 3,101038.66,30.46,0.579,0.576
82126,3,Bac 3,101038.66,30.46,0.579,0.576
82176,3,Bac 3,101038.48,30.46,0.595,0.578
82226,3,Bac 3,101038.48,30.46,0.595,0.579
82276,3,Bac 3,101038.66,30.46,0.579,0.579
82326,3,Bac 3,101038.66,30.46,0.579,0.579
82376,3,Bac 3,101038.82,30.46,0.565,0.578
82426,3,Bac 3,101038.99,30.46,0.552,0.576
82476,3,Bac 3,101038.82,30.46,0.565,0.575
82526,3,Bac 3,101038.82,30.46,0.565,0.574
82576,3,Bac 3,101038.82,30.46,0.565,0.574
82626,3,Bac 3,101038.66,30.46,0.579,0.574
82676,3,Bac 3,101038.66,30.46,0.579,0.574
82726,3,Bac 3,101038.66,30.46,0.579,0.575
82776,3,Bac 3,101038.66,30.46,0.579,0.575
82826,3,Bac 3,101038.66,30.46,0.579,0.575
82876,3,Bac 3,101038.82,30.46,0.565,0.574
82926,3,Bac 3,101038.66,30.46,0.579,0.575
82976,3,Bac 3,101038.66,30.46,0.579,0.575
83026,3,Bac 3,101038.48,30.46,0.595,0.577
83076,3,Bac 3,101038.48,30.46,0.595,0.578
83126,3,Bac 3,101038.48,30.46,0.595,0.579
83176,3,Bac 3,101038.48,30.46,0.595,0.581
83226,3,Bac 3,101038.48,30.46,0.595,0.582
83276,3,Bac 3,101038.48,30.46,0.595,0.583
83326,3,Bac 3,101038.66,30.46,0.579,0.582
83376,3,Bac 3,101038.82,30.46,0.565,0.581
83426,3,Bac 3,101038.66,30.46,0.579,0.581
83476,3,Bac 3,101038.66,30.46,0.579,0.581
83526,3,Bac 3,101038.82,30.46,0.565,0.579
83576,3,Bac 3,101038.82,30.46,0.565,0.578
83627,3,Bac 3,101038.99,30.46,0.552,0.576
83677,3,Bac 3,101038.76,30.46,0.571,0.576
83727,3,Bac 3,101038.76,30.46,0.571,0.575
83777,3,Bac 3,101038.93,30.46,0.555,0.574
83827,3,Bac 3,101038.93,30.46,0.555,0.572
83877,3,Bac 3,101039.10,30.46,0.542,0.570
83927,3,Bac 3,101038.93,30.46,0.555,0.569
83977,3,Bac 3,101039.10,30.46,0.542,0.566
84027,3,Bac 3,101038.93,30.46,0.555,0.566
84077,3,Bac 3,101038.93,30.46,0.555,0.565
84127,3,Bac 3,101038.59,30.46,0.584,0.566
84177,3,Bac 3,101038.42,30.46,0.597,0.569
84227,3,Bac 3,101038.42,30.46,0.597,0.571
84277,3,Bac 3,101038.59,30.46,0.584,0.572
84327,3,Bac 3,101038.76,30.46,0.571,0.572
84377,3,Bac 3,101038.93,30.46,0.555,0.571
84427,3,Bac 3,101039.10,30.46,0.542,0.568
84477,3,Bac 3,101039.10,30.46,0.542,0.566
84527,3,Bac 3,101038.93,30.46,0.555,0.565
84577,3,Bac 3,101039.10,30.46,0.542,0.563
84627,3,Bac 3,101039.10,30.46,0.542,0.562
84677,3,Bac 3,101039.10,30.46,0.542,0.560
84727,3,Bac 3,101039.10,30.46,0.542,0.559
84777,3,Bac 3,101039.10,30.46,0.542,0.557
84827,3,Bac 3,101039.27,30.46,0.528,0.555
84877,3,Bac 3,101039.27,30.46,0.528,0.553
84927,3,Bac 3,101039.27,30.46,0.528,0.551
84977,3,Bac 3,101039.27,30.46,0.528,0.549
85027,3,Bac 3,101039.44,30.46,0.513,0.546
85078,3,Bac 3,101039.27,30.46,0.528,0.545
85128,3,Bac 3,101039.10,30.46,0.542,0.544
85178,3,Bac 3,101038.93,30.46,0.555,0.545
85228,3,Bac 3,101038.76,30.46,0.571,0.547
85278,3,Bac 3,101038.76,30.46,0.571,0.549
85328,3,Bac 3,101038.76,30.46,0.571,0.551
85378,3,Bac 3,101038.76,30.46,0.571,0.553
85428,3,Bac 3,101038.76,30.46,0.571,0.554
85478,3,Bac 3,101038.59,30.46,0.584,0.556
85528,3,Bac 3,101038.59,30.46,0.584,0.559
85578,3,Bac 3,101038.59,30.46,0.584,0.561
85628,3,Bac 3,101038.76,30.46,0.571,0.561
85678,3,Bac 3,101038.76,30.46,0.571,0.562
85728,3,Bac 3,101038.76,30.46,0.571,0.563
85778,3,Bac 3,101038.76,30.46,0.571,0.563
85828,3,Bac 3,101038.76,30.46,0.571,0.564
85878,3,Bac 3,101038.59,30.46,0.584,0.566
85928,3,Bac 3,101038.59,30.46,0.584,0.567
85978,3,Bac 3,101038.59,30.46,0.584,0.568
86028,3,Bac 3,101038.59,30.46,0.584,0.570
86078,3,Bac 3,101038.59,30.46,0.584,0.571
86128,3,Bac 3,101038.59,30.46,0.584,0.572
86178,3,Bac 3,101038.39,30.46,0.600,0.574
86228,3,Bac 3,101038.39,30.46,0.600,0.576
86278,3,Bac 3,101038.22,30.46,0.616,0.579
86328,3,Bac 3,101038.22,30.46,0.616,0.582
86378,3,Bac 3,101038.22,30.46,0.616,0.585
86428,3,Bac 3,101038.39,30.46,0.600,0.586
86478,3,Bac 3,101038.39,30.46,0.600,0.587
86528,3,Bac 3,101038.39,30.46,0.600,0.588
86578,3,Bac 3,101038.39,30.46,0.600,0.589
86628,3,Bac 3,101038.39,30.46,0.600,0.590
86678,3,Bac 3,101038.39,30.46,0.600,0.591
86728,3,Bac 3,101038.39,30.46,0.600,0.591
86778,3,Bac 3,101038.22,30.46,0.616,0.593
86828,3,Bac 3,101038.22,30.46,0.616,0.595
86878,3,Bac 3,101037.82,30.45,0.650,0.600
86928,3,Bac 3,101037.65,30.45,0.663,0.605
86978,3,Bac 3,101037.65,30.45,0.663,0.609
87028,3,Bac 3,101038.22,30.46,0.616,0.610
87078,3,Bac 3,101038.22,30.46,0.616,0.610
87128,3,Bac 3,101037.82,30.45,0.650,0.613
87178,3,Bac 3,101038.05,30.46,0.629,0.615
87228,3,Bac 3,101038.05,30.46,0.629,0.616
87278,3,Bac 3,101038.05,30.46,0.629,0.617
87328,3,Bac 3,101037.89,30.46,0.642,0.619
87378,3,Bac 3,101037.48,30.46,0.676,0.624
87428,3,Bac 3,101037.89,30.46,0.642,0.625
87478,3,Bac 3,101038.05,30.46,0.629,0.625
87528,3,Bac 3,101038.05,30.46,0.629,0.626
87578,3,Bac 3,101037.65,30.45,0.663,0.629
87628,3,Bac 3,101037.65,30.45,0.663,0.631
87678,3,Bac 3,101038.22,30.46,0.616,0.630
87728,3,Bac 3,101037.82,30.45,0.650,0.632
87778,3,Bac 3,101037.82,30.45,0.650,0.633
87828,3,Bac 3,101037.82,30.45,0.650,0.635
87878,3,Bac 3,101037.82,30.45,0.650,0.636
87928,3,Bac 3,101037.65,30.45,0.663,0.638
87979,3,Bac 3,101037.65,30.45,0.663,0.640
88029,3,Bac 3,101037.65,30.45,0.663,0.642
88079,3,Bac 3,101037.48,30.45,0.676,0.645
88129,3,Bac 3,101037.48,30.45,0.676,0.647
88179,3,Bac 3,101037.65,30.45,0.663,0.648
88229,3,Bac 3,101037.65,30.45,0.663,0.650
88279,3,Bac 3,101037.48,30.45,0.676,0.652
88329,3,Bac 3,101037.48,30.45,0.676,0.654
88379,3,Bac 3,101037.32,30.45,0.690,0.657
88429,3,Bac 3,101037.32,30.45,0.690,0.659
88479,3,Bac 3,101036.97,30.45,0.719,0.664
88529,3,Bac 3,101036.80,30.45,0.735,0.670
88579,3,Bac 3,101036.80,30.45,0.735,0.675
88629,3,Bac 3,101036.80,30.45,0.735,0.680
88679,3,Bac 3,101036.64,30.45,0.748,0.685
88729,3,Bac 3,101036.64,30.45,0.748,0.690
88779,3,Bac 3,101036.46,30.45,0.761,0.696
88829,3,Bac 3,101036.46,30.45,0.761,0.701
88879,3,Bac 3,101036.30,30.45,0.777,0.707
88929,3,Bac 3,101036.13,30.45,0.790,0.714
88979,3,Bac 3,101036.13,30.45,0.790,0.720
89029,3,Bac 3,101036.13,30.45,0.790,0.725
>> Xong: Bac 3 | P0=101045.57 Pa
HAY DI CHUYEN DEN: Bac 4
Dat co dinh, cho 3 giay cho on dinh, roi gui ky tu bat ky + Enter...
>> Bat dau do: Bac 4
103864,4,Bac 4,101035.99,30.44,0.801,0.801
103914,4,Bac 4,101035.99,30.44,0.801,0.801
103964,4,Bac 4,101035.99,30.44,0.801,0.801
104014,4,Bac 4,101036.16,30.44,0.787,0.800
104064,4,Bac 4,101036.16,30.44,0.787,0.799
104114,4,Bac 4,101035.99,30.44,0.801,0.799
104164,4,Bac 4,101035.62,30.44,0.832,0.801
104214,4,Bac 4,101035.62,30.44,0.832,0.804
104264,4,Bac 4,101036.16,30.44,0.787,0.803
104314,4,Bac 4,101035.96,30.44,0.803,0.803
104364,4,Bac 4,101036.33,30.44,0.774,0.800
104414,4,Bac 4,101036.67,30.44,0.745,0.796
104464,4,Bac 4,101036.30,30.44,0.777,0.794
104514,4,Bac 4,101036.30,30.44,0.777,0.793
104564,4,Bac 4,101036.83,30.44,0.732,0.788
104614,4,Bac 4,101036.46,30.44,0.761,0.786
104664,4,Bac 4,101036.64,30.44,0.748,0.783
104714,4,Bac 4,101037.00,30.44,0.716,0.778
104764,4,Bac 4,101037.17,30.44,0.703,0.772
104814,4,Bac 4,101037.17,30.44,0.703,0.766
104864,4,Bac 4,101036.97,30.44,0.719,0.762
104914,4,Bac 4,101036.97,30.44,0.719,0.759
104964,4,Bac 4,101036.97,30.44,0.719,0.756
105014,4,Bac 4,101037.14,30.44,0.705,0.752
105064,4,Bac 4,101037.32,30.44,0.690,0.747
105114,4,Bac 4,101037.32,30.44,0.690,0.742
105164,4,Bac 4,101037.68,30.44,0.661,0.736
105214,4,Bac 4,101037.49,30.44,0.676,0.731
105264,4,Bac 4,101037.32,30.44,0.690,0.728
105314,4,Bac 4,101037.32,30.44,0.690,0.724
105364,4,Bac 4,101037.32,30.44,0.690,0.722
105414,4,Bac 4,101037.32,30.44,0.690,0.719
105464,4,Bac 4,101037.32,30.44,0.690,0.717
105515,4,Bac 4,101037.49,30.44,0.676,0.714
105565,4,Bac 4,101037.32,30.44,0.690,0.712
105615,4,Bac 4,101037.32,30.44,0.690,0.710
105665,4,Bac 4,101037.14,30.44,0.705,0.710
105715,4,Bac 4,101037.32,30.44,0.690,0.708
105765,4,Bac 4,101037.14,30.44,0.705,0.708
105815,4,Bac 4,101037.14,30.44,0.705,0.708
105865,4,Bac 4,101036.97,30.44,0.719,0.708
105915,4,Bac 4,101036.80,30.44,0.735,0.711
105965,4,Bac 4,101036.64,30.44,0.748,0.714
106015,4,Bac 4,101036.64,30.44,0.748,0.716
106065,4,Bac 4,101036.83,30.44,0.732,0.718
106115,4,Bac 4,101036.83,30.44,0.732,0.719
106165,4,Bac 4,101036.67,30.44,0.745,0.721
106215,4,Bac 4,101036.83,30.44,0.732,0.722
106265,4,Bac 4,101036.30,30.44,0.777,0.726
106315,4,Bac 4,101036.67,30.44,0.745,0.728
106365,4,Bac 4,101036.67,30.44,0.745,0.729
106415,4,Bac 4,101036.13,30.44,0.790,0.734
106465,4,Bac 4,101036.13,30.44,0.790,0.738
106515,4,Bac 4,101035.96,30.44,0.803,0.744
106565,4,Bac 4,101035.78,30.44,0.819,0.750
106615,4,Bac 4,101035.78,30.44,0.819,0.755
106665,4,Bac 4,101035.78,30.44,0.819,0.760
106715,4,Bac 4,101035.78,30.44,0.819,0.765
106765,4,Bac 4,101035.78,30.44,0.819,0.769
106815,4,Bac 4,101035.78,30.44,0.819,0.773
106865,4,Bac 4,101035.62,30.44,0.832,0.778
106915,4,Bac 4,101035.62,30.44,0.832,0.782
106966,4,Bac 4,101035.21,30.44,0.867,0.789
107016,4,Bac 4,101035.62,30.44,0.832,0.793
107066,4,Bac 4,101035.39,30.44,0.851,0.797
107116,4,Bac 4,101035.78,30.44,0.819,0.799
107166,4,Bac 4,101035.96,30.44,0.803,0.799
107216,4,Bac 4,101035.96,30.44,0.803,0.800
107266,4,Bac 4,101035.78,30.44,0.819,0.801
107316,4,Bac 4,101035.78,30.44,0.819,0.803
107366,4,Bac 4,101035.78,30.44,0.819,0.804
107416,4,Bac 4,101035.62,30.44,0.832,0.806
107466,4,Bac 4,101035.45,30.44,0.846,0.809
107516,4,Bac 4,101035.05,30.44,0.880,0.815
107566,4,Bac 4,101035.21,30.44,0.867,0.819
107616,4,Bac 4,101035.21,30.44,0.867,0.823
107666,4,Bac 4,101035.39,30.44,0.851,0.825
107716,4,Bac 4,101035.62,30.44,0.832,0.826
107766,4,Bac 4,101035.21,30.44,0.867,0.829
107816,4,Bac 4,101035.21,30.44,0.867,0.832
107866,4,Bac 4,101035.21,30.44,0.867,0.835
107916,4,Bac 4,101035.56,30.44,0.838,0.835
107966,4,Bac 4,101035.72,30.44,0.824,0.834
108016,4,Bac 4,101035.72,30.44,0.824,0.833
108066,4,Bac 4,101035.89,30.44,0.809,0.831
108116,4,Bac 4,101035.89,30.44,0.809,0.830
108166,4,Bac 4,101035.89,30.44,0.809,0.828
108216,4,Bac 4,101035.89,30.44,0.809,0.826
108266,4,Bac 4,101035.89,30.44,0.809,0.825
108316,4,Bac 4,101035.89,30.44,0.809,0.824
108366,4,Bac 4,101035.89,30.44,0.809,0.822
108416,4,Bac 4,101036.07,30.44,0.795,0.820
108466,4,Bac 4,101036.07,30.44,0.795,0.818
108516,4,Bac 4,101036.41,30.44,0.766,0.814
108566,4,Bac 4,101036.41,30.44,0.766,0.810
108616,4,Bac 4,101036.41,30.44,0.766,0.807
108666,4,Bac 4,101036.57,30.44,0.753,0.802
108716,4,Bac 4,101036.57,30.44,0.753,0.798
108766,4,Bac 4,101036.75,30.44,0.737,0.794
108816,4,Bac 4,101036.75,30.44,0.737,0.789
108866,4,Bac 4,101036.91,30.44,0.724,0.784
108916,4,Bac 4,101037.25,30.44,0.695,0.777
108966,4,Bac 4,101037.42,30.44,0.682,0.769
109016,4,Bac 4,101037.42,30.44,0.682,0.762
109066,4,Bac 4,101037.59,30.44,0.668,0.755
109116,4,Bac 4,101037.42,30.44,0.682,0.749
109166,4,Bac 4,101037.77,30.44,0.653,0.741
109216,4,Bac 4,101037.77,30.44,0.653,0.734
109266,4,Bac 4,101037.59,30.44,0.668,0.729
109316,4,Bac 4,101037.42,30.44,0.682,0.725
109366,4,Bac 4,101037.02,30.43,0.716,0.724
109416,4,Bac 4,101036.68,30.43,0.742,0.726
109466,4,Bac 4,101036.52,30.43,0.758,0.728
109516,4,Bac 4,101036.68,30.43,0.742,0.730
109566,4,Bac 4,101036.35,30.43,0.772,0.733
109616,4,Bac 4,101036.35,30.43,0.772,0.736
109666,4,Bac 4,101036.35,30.43,0.772,0.739
109716,4,Bac 4,101036.35,30.43,0.772,0.741
109766,4,Bac 4,101036.17,30.43,0.785,0.745
109816,4,Bac 4,101036.17,30.43,0.785,0.748
109867,4,Bac 4,101036.35,30.43,0.772,0.750
109917,4,Bac 4,101036.35,30.43,0.772,0.752
109967,4,Bac 4,101036.35,30.43,0.772,0.753
110017,4,Bac 4,101036.35,30.43,0.772,0.755
110067,4,Bac 4,101036.35,30.43,0.772,0.756
110117,4,Bac 4,101036.52,30.43,0.758,0.756
110167,4,Bac 4,101036.35,30.43,0.772,0.757
110217,4,Bac 4,101036.52,30.43,0.758,0.758
110267,4,Bac 4,101036.52,30.43,0.758,0.758
110317,4,Bac 4,101036.35,30.43,0.772,0.759
110367,4,Bac 4,101036.17,30.43,0.785,0.761
110417,4,Bac 4,101036.17,30.43,0.785,0.763
110467,4,Bac 4,101036.00,30.43,0.801,0.766
110517,4,Bac 4,101036.00,30.43,0.801,0.769
110567,4,Bac 4,101035.60,30.43,0.832,0.774
110617,4,Bac 4,101035.60,30.43,0.832,0.778
110667,4,Bac 4,101036.00,30.43,0.801,0.780
110717,4,Bac 4,101036.00,30.43,0.801,0.782
110767,4,Bac 4,101036.00,30.43,0.801,0.783
110817,4,Bac 4,101035.83,30.43,0.814,0.786
110867,4,Bac 4,101035.83,30.43,0.814,0.788
110917,4,Bac 4,101035.66,30.43,0.830,0.791
110967,4,Bac 4,101035.83,30.43,0.814,0.793
111017,4,Bac 4,101035.83,30.43,0.814,0.795
111067,4,Bac 4,101035.83,30.43,0.814,0.796
111117,4,Bac 4,101035.83,30.43,0.814,0.798
111167,4,Bac 4,101035.43,30.43,0.848,0.802
111217,4,Bac 4,101035.60,30.43,0.832,0.804
111267,4,Bac 4,101035.43,30.43,0.848,0.808
111318,4,Bac 4,101035.43,30.43,0.848,0.811
111368,4,Bac 4,101035.83,30.43,0.814,0.811
111418,4,Bac 4,101035.77,30.43,0.819,0.812
111468,4,Bac 4,101035.77,30.43,0.819,0.812
111518,4,Bac 4,101035.77,30.43,0.819,0.813
111568,4,Bac 4,101036.35,30.43,0.772,0.810
111618,4,Bac 4,101036.52,30.43,0.758,0.806
111668,4,Bac 4,101036.35,30.43,0.772,0.803
111718,4,Bac 4,101035.94,30.43,0.806,0.803
111768,4,Bac 4,101036.17,30.43,0.785,0.802
111818,4,Bac 4,101036.17,30.43,0.785,0.800
111868,4,Bac 4,101036.17,30.43,0.785,0.799
111918,4,Bac 4,101036.00,30.43,0.801,0.799
111968,4,Bac 4,101036.00,30.43,0.801,0.799
112018,4,Bac 4,101036.00,30.43,0.801,0.799
112068,4,Bac 4,101036.00,30.43,0.801,0.799
112118,4,Bac 4,101036.00,30.43,0.801,0.800
112168,4,Bac 4,101035.66,30.43,0.830,0.802
112218,4,Bac 4,101035.66,30.43,0.830,0.804
112268,4,Bac 4,101035.10,30.43,0.875,0.810
112318,4,Bac 4,101035.10,30.43,0.875,0.815
112368,4,Bac 4,101035.10,30.43,0.875,0.820
112418,4,Bac 4,101035.10,30.43,0.875,0.824
112468,4,Bac 4,101035.10,30.43,0.875,0.828
112518,4,Bac 4,101035.10,30.43,0.875,0.832
112568,4,Bac 4,101035.10,30.43,0.875,0.835
112618,4,Bac 4,101035.10,30.43,0.875,0.838
112668,4,Bac 4,101035.10,30.43,0.875,0.841
112718,4,Bac 4,101035.10,30.43,0.875,0.844
112768,4,Bac 4,101035.10,30.43,0.875,0.846
112818,4,Bac 4,101035.10,30.43,0.875,0.849
112868,4,Bac 4,101035.10,30.43,0.875,0.851
112918,4,Bac 4,101035.10,30.43,0.875,0.853
112968,4,Bac 4,101035.27,30.43,0.861,0.853
113018,4,Bac 4,101034.69,30.43,0.909,0.858
113068,4,Bac 4,101034.86,30.43,0.896,0.861
113118,4,Bac 4,101035.43,30.43,0.848,0.860
113168,4,Bac 4,101035.60,30.43,0.832,0.858
113218,4,Bac 4,101035.77,30.43,0.819,0.855
113268,4,Bac 4,101035.94,30.43,0.806,0.851
113318,4,Bac 4,101035.94,30.43,0.806,0.847
113368,4,Bac 4,101035.54,30.43,0.840,0.847
113418,4,Bac 4,101035.54,30.43,0.840,0.846
113468,4,Bac 4,101035.54,30.43,0.840,0.846
113518,4,Bac 4,101035.38,30.43,0.853,0.846
113568,4,Bac 4,101035.38,30.43,0.853,0.847
113618,4,Bac 4,101035.38,30.43,0.853,0.847
113668,4,Bac 4,101035.38,30.43,0.853,0.848
113718,4,Bac 4,101035.21,30.43,0.867,0.849
113768,4,Bac 4,101035.21,30.43,0.867,0.851
113818,4,Bac 4,101035.21,30.43,0.867,0.852
>> Xong: Bac 4 | P0=101045.57 Pa
HAY DI CHUYEN DEN: Bac 5
Dat co dinh, cho 3 giay cho on dinh, roi gui ky tu bat ky + Enter...
>> Bat dau do: Bac 5
125254,5,Bac 5,101034.58,30.42,0.920,0.920
125304,5,Bac 5,101034.58,30.42,0.920,0.920
125355,5,Bac 5,101034.58,30.42,0.920,0.920
125405,5,Bac 5,101034.58,30.42,0.920,0.920
125455,5,Bac 5,101034.58,30.42,0.920,0.920
125505,5,Bac 5,101034.58,30.42,0.920,0.920
125555,5,Bac 5,101034.42,30.42,0.933,0.921
125605,5,Bac 5,101034.42,30.42,0.933,0.922
125655,5,Bac 5,101034.42,30.42,0.933,0.922
125705,5,Bac 5,101034.42,30.42,0.933,0.923
125755,5,Bac 5,101034.42,30.42,0.933,0.924
125805,5,Bac 5,101034.42,30.42,0.933,0.925
125855,5,Bac 5,101034.58,30.42,0.920,0.924
125905,5,Bac 5,101034.58,30.42,0.920,0.924
125955,5,Bac 5,101034.42,30.42,0.933,0.925
126005,5,Bac 5,101034.42,30.42,0.933,0.925
126055,5,Bac 5,101034.58,30.42,0.920,0.925
126105,5,Bac 5,101034.75,30.42,0.904,0.923
126155,5,Bac 5,101034.75,30.42,0.904,0.922
126205,5,Bac 5,101034.58,30.42,0.920,0.921
126255,5,Bac 5,101034.42,30.42,0.933,0.922
126305,5,Bac 5,101034.42,30.42,0.933,0.923
126355,5,Bac 5,101034.42,30.42,0.933,0.924
126405,5,Bac 5,101034.58,30.42,0.920,0.924
126455,5,Bac 5,101034.58,30.42,0.920,0.923
126505,5,Bac 5,101034.75,30.42,0.904,0.922
126555,5,Bac 5,101034.58,30.42,0.920,0.921
126605,5,Bac 5,101034.58,30.42,0.920,0.921
126655,5,Bac 5,101034.58,30.42,0.920,0.921
126705,5,Bac 5,101034.58,30.42,0.920,0.921
126755,5,Bac 5,101034.75,30.42,0.904,0.920
126806,5,Bac 5,101034.75,30.42,0.904,0.918
126856,5,Bac 5,101034.92,30.42,0.890,0.916
126906,5,Bac 5,101035.10,30.42,0.875,0.913
126956,5,Bac 5,101034.92,30.42,0.890,0.911
127006,5,Bac 5,101034.92,30.42,0.890,0.909
127056,5,Bac 5,101034.75,30.42,0.904,0.909
127106,5,Bac 5,101034.75,30.42,0.904,0.909
127156,5,Bac 5,101034.58,30.42,0.920,0.909
127206,5,Bac 5,101034.42,30.42,0.933,0.911
127256,5,Bac 5,101034.42,30.42,0.933,0.913
127306,5,Bac 5,101034.42,30.42,0.933,0.915
127356,5,Bac 5,101034.58,30.42,0.920,0.915
127406,5,Bac 5,101034.58,30.42,0.920,0.915
127456,5,Bac 5,101034.58,30.42,0.920,0.916
127506,5,Bac 5,101034.58,30.42,0.920,0.916
127556,5,Bac 5,101034.58,30.42,0.920,0.916
127606,5,Bac 5,101034.58,30.42,0.920,0.917
127656,5,Bac 5,101034.58,30.42,0.920,0.917
127706,5,Bac 5,101034.75,30.42,0.904,0.916
127756,5,Bac 5,101034.75,30.42,0.904,0.915
127806,5,Bac 5,101034.58,30.42,0.920,0.915
127856,5,Bac 5,101034.58,30.42,0.920,0.915
127906,5,Bac 5,101034.58,30.42,0.920,0.916
127956,5,Bac 5,101034.58,30.42,0.920,0.916
128006,5,Bac 5,101034.75,30.42,0.904,0.915
128056,5,Bac 5,101034.75,30.42,0.904,0.914
128106,5,Bac 5,101034.75,30.42,0.904,0.913
128156,5,Bac 5,101034.75,30.42,0.904,0.913
128206,5,Bac 5,101034.92,30.42,0.890,0.911
128256,5,Bac 5,101034.92,30.42,0.890,0.909
128306,5,Bac 5,101034.92,30.42,0.890,0.908
128356,5,Bac 5,101035.10,30.42,0.875,0.905
128406,5,Bac 5,101035.10,30.42,0.875,0.903
128456,5,Bac 5,101035.10,30.42,0.875,0.900
128506,5,Bac 5,101035.10,30.42,0.875,0.898
128556,5,Bac 5,101034.69,30.41,0.909,0.899
128606,5,Bac 5,101034.69,30.41,0.909,0.900
128656,5,Bac 5,101034.69,30.41,0.909,0.901
128706,5,Bac 5,101034.86,30.41,0.896,0.900
128756,5,Bac 5,101035.03,30.41,0.883,0.899
128806,5,Bac 5,101035.21,30.41,0.867,0.896
128856,5,Bac 5,101035.03,30.41,0.883,0.895
128906,5,Bac 5,101034.86,30.41,0.896,0.895
128956,5,Bac 5,101035.03,30.41,0.883,0.894
129006,5,Bac 5,101034.86,30.41,0.896,0.894
129056,5,Bac 5,101034.86,30.41,0.896,0.894
129106,5,Bac 5,101034.86,30.41,0.896,0.895
129156,5,Bac 5,101034.86,30.41,0.896,0.895
129206,5,Bac 5,101034.86,30.41,0.896,0.895
129256,5,Bac 5,101035.03,30.41,0.883,0.894
129306,5,Bac 5,101035.03,30.41,0.883,0.893
129356,5,Bac 5,101035.03,30.41,0.883,0.892
129406,5,Bac 5,101035.03,30.41,0.883,0.891
129456,5,Bac 5,101034.86,30.41,0.896,0.892
129506,5,Bac 5,101034.86,30.41,0.896,0.892
129556,5,Bac 5,101034.86,30.41,0.896,0.892
129606,5,Bac 5,101034.86,30.41,0.896,0.893
129656,5,Bac 5,101035.03,30.41,0.883,0.892
129707,5,Bac 5,101035.03,30.41,0.883,0.891
129757,5,Bac 5,101034.64,30.41,0.914,0.893
129807,5,Bac 5,101034.80,30.41,0.901,0.894
129857,5,Bac 5,101035.38,30.41,0.853,0.890
129907,5,Bac 5,101034.80,30.41,0.901,0.891
129957,5,Bac 5,101034.80,30.41,0.901,0.892
130007,5,Bac 5,101034.64,30.41,0.914,0.894
130057,5,Bac 5,101034.64,30.41,0.914,0.895
130107,5,Bac 5,101034.64,30.41,0.914,0.897
130157,5,Bac 5,101034.64,30.41,0.914,0.898
130207,5,Bac 5,101034.64,30.41,0.914,0.900
130257,5,Bac 5,101034.64,30.41,0.914,0.901
130307,5,Bac 5,101034.24,30.41,0.949,0.905
130357,5,Bac 5,101034.80,30.41,0.901,0.904
130407,5,Bac 5,101034.41,30.41,0.933,0.907
130457,5,Bac 5,101034.24,30.41,0.949,0.910
130507,5,Bac 5,101034.24,30.41,0.949,0.913
130557,5,Bac 5,101034.46,30.41,0.930,0.914
130607,5,Bac 5,101034.64,30.41,0.914,0.914
130657,5,Bac 5,101034.64,30.41,0.914,0.914
130707,5,Bac 5,101034.64,30.41,0.914,0.914
130757,5,Bac 5,101034.64,30.41,0.914,0.914
130807,5,Bac 5,101034.64,30.41,0.914,0.914
130857,5,Bac 5,101034.64,30.41,0.914,0.914
130907,5,Bac 5,101035.14,30.41,0.872,0.911
130957,5,Bac 5,101035.14,30.41,0.872,0.908
131007,5,Bac 5,101035.14,30.41,0.872,0.905
131057,5,Bac 5,101034.97,30.41,0.885,0.903
131107,5,Bac 5,101034.97,30.41,0.885,0.902
131158,5,Bac 5,101035.14,30.41,0.872,0.900
131208,5,Bac 5,101034.97,30.41,0.885,0.898
131258,5,Bac 5,101034.97,30.41,0.885,0.897
131308,5,Bac 5,101034.97,30.41,0.885,0.896
131358,5,Bac 5,101035.14,30.41,0.872,0.894
131408,5,Bac 5,101034.97,30.41,0.885,0.894
131458,5,Bac 5,101034.97,30.41,0.885,0.893
131508,5,Bac 5,101035.14,30.41,0.872,0.891
131558,5,Bac 5,101035.14,30.41,0.872,0.890
131608,5,Bac 5,101034.97,30.41,0.885,0.889
131658,5,Bac 5,101034.80,30.41,0.901,0.890
131708,5,Bac 5,101034.80,30.41,0.901,0.891
131758,5,Bac 5,101034.97,30.41,0.885,0.891
131808,5,Bac 5,101034.97,30.41,0.885,0.890
131858,5,Bac 5,101034.57,30.41,0.920,0.893
131908,5,Bac 5,101034.97,30.41,0.885,0.892
131958,5,Bac 5,101034.57,30.41,0.920,0.894
132008,5,Bac 5,101035.14,30.41,0.872,0.892
132058,5,Bac 5,101035.32,30.41,0.859,0.890
132108,5,Bac 5,101035.14,30.41,0.872,0.888
132158,5,Bac 5,101034.57,30.41,0.920,0.891
132208,5,Bac 5,101034.57,30.41,0.920,0.893
132258,5,Bac 5,101034.57,30.41,0.920,0.895
132308,5,Bac 5,101034.75,30.41,0.906,0.896
132358,5,Bac 5,101034.57,30.41,0.920,0.898
132408,5,Bac 5,101034.57,30.41,0.920,0.900
132458,5,Bac 5,101034.57,30.41,0.920,0.901
132508,5,Bac 5,101034.57,30.41,0.920,0.903
132558,5,Bac 5,101034.41,30.41,0.933,0.905
132608,5,Bac 5,101034.24,30.41,0.949,0.909
132658,5,Bac 5,101034.07,30.41,0.962,0.913
132708,5,Bac 5,101033.89,30.41,0.978,0.918
132758,5,Bac 5,101034.07,30.41,0.962,0.922
132808,5,Bac 5,101034.07,30.41,0.962,0.925
132858,5,Bac 5,101033.83,30.41,0.983,0.929
132908,5,Bac 5,101033.83,30.41,0.983,0.934
132958,5,Bac 5,101034.00,30.41,0.967,0.936
133008,5,Bac 5,101034.17,30.41,0.954,0.938
133058,5,Bac 5,101034.17,30.41,0.954,0.939
133108,5,Bac 5,101034.35,30.41,0.938,0.939
133158,5,Bac 5,101034.35,30.41,0.938,0.939
133208,5,Bac 5,101034.35,30.41,0.938,0.939
133258,5,Bac 5,101034.17,30.41,0.954,0.940
133308,5,Bac 5,101034.17,30.41,0.954,0.941
133358,5,Bac 5,101034.17,30.41,0.954,0.942
133408,5,Bac 5,101034.17,30.41,0.954,0.943
133458,5,Bac 5,101034.35,30.41,0.938,0.943
133508,5,Bac 5,101034.35,30.41,0.938,0.942
133558,5,Bac 5,101034.51,30.41,0.925,0.941
133608,5,Bac 5,101034.35,30.41,0.938,0.941
133658,5,Bac 5,101034.17,30.41,0.954,0.942
133708,5,Bac 5,101034.17,30.41,0.954,0.943
133758,5,Bac 5,101034.17,30.41,0.954,0.944
133808,5,Bac 5,101034.17,30.41,0.954,0.944
133858,5,Bac 5,101034.00,30.41,0.967,0.946
133908,5,Bac 5,101033.83,30.41,0.983,0.949
133958,5,Bac 5,101033.83,30.41,0.983,0.952
134008,5,Bac 5,101034.24,30.41,0.949,0.952
134059,5,Bac 5,101033.83,30.41,0.983,0.954
134109,5,Bac 5,101033.66,30.41,0.996,0.957
134159,5,Bac 5,101033.50,30.41,1.009,0.962
134209,5,Bac 5,101033.66,30.41,0.996,0.964
134259,5,Bac 5,101033.50,30.41,1.009,0.968
134309,5,Bac 5,101033.50,30.41,1.009,0.971
134359,5,Bac 5,101033.50,30.41,1.009,0.974
134409,5,Bac 5,101033.32,30.41,1.025,0.978
134459,5,Bac 5,101033.32,30.41,1.025,0.982
134509,5,Bac 5,101033.32,30.41,1.025,0.986
134559,5,Bac 5,101033.32,30.41,1.025,0.989
134609,5,Bac 5,101033.16,30.41,1.038,0.993
134659,5,Bac 5,101032.99,30.41,1.052,0.997
134709,5,Bac 5,101033.16,30.41,1.038,1.001
134759,5,Bac 5,101033.16,30.41,1.038,1.004
134809,5,Bac 5,101033.16,30.41,1.038,1.007
134859,5,Bac 5,101032.99,30.41,1.052,1.010
134909,5,Bac 5,101033.16,30.41,1.038,1.012
134959,5,Bac 5,101033.16,30.41,1.038,1.014
135009,5,Bac 5,101033.16,30.41,1.038,1.016
135059,5,Bac 5,101033.16,30.41,1.038,1.018
135109,5,Bac 5,101033.32,30.41,1.025,1.019
135159,5,Bac 5,101033.32,30.41,1.025,1.019
135209,5,Bac 5,101033.50,30.41,1.009,1.018
>> Xong: Bac 5 | P0=101045.57 Pa
He thong da thu thap du 6 bac x 200 mau.
